../../.git/annex/objects/Vv/Gg/URL-s467494--https&c%%files.osf.io%v1%resourc-b6cea2ad6e567732acb913eea27e022f/URL-s467494--https&c%%files.osf.io%v1%resourc-b6cea2ad6e567732acb913eea27e022f